x
0.000000000000000 1.000000000000000
1 225.0898834891643 339.7332851460689
2 0.009192612773868430 17.50378362210342
3 1.204251263718711 45.68740175475795
4 414.5868739222800 738.0420047470154
5 259.0020344695483 559.0008982472259
6 236.2895503904250 343.6679708012657
7 0.007003696038244009 5.381658145881740
8 0.5473962090586852 47.46641275478903
9 420.5567784170825 765.3249961223307
10 225.1790959141266 580.5214315889742
11 253.3664578816593 344.1223318409929
12 0.004912364944888437 6.324584070220681
13 0.5360675515282930 41.75075503077019
14 416.4866635459386 756.4298466706119
15 252.7689453945918 567.1066969405531
16 261.3561946916014 347.8783115743321
17 0.002388418758977540 3.133488027819339
18 0.1382201074003297 33.65331719658298
19 419.6631538830492 667.0720880410208
20 280.5726641741268 579.3118096152494
21 280.4073296927426 353.4424048933531
22 0.001057605875964207 2.759317333801899
23 0.08484722324096994 32.10461405794835
24 413.1404409680793 667.2722755036974
25 304.0019537061842 594.0009298093458
26 0.1283411896745230 0.3069988776655444
27 0.9810393646596657 0.9880164072342762
28 0.2897325724132455 0.6419824258799492
29 0.9572832665277108 0.9783498156164822
30 0.000000000000000 42.00000000000000
31 0.000000000000000 24.00000000000000
32 0.000000000000000 48.00000000000000
